{
 "cells": [
  {
   "cell_type": "code",
   "execution_count": 1,
   "id": "cell_01_instructions",
   "metadata": {},
   "outputs": [],
   "source": []
  },
  {
   "cell_type": "code",
   "execution_count": 2,
   "id": "cell_02_imports",
   "metadata": {},
   "outputs": [],
   "source": [
    "import numpy as np\n",
    "import pandas as pd\n",
    "import statistics\n",
    "from statsmodels import robust\n",
    "from scipy import stats\n",
    "import seaborn as sns\n",
    "import matplotlib.pyplot as plt\n",
    "import yfinance as yf\n",
    "from datetime import datetime"
   ]
  },
  {
   "cell_type": "code",
   "execution_count": 4,
   "id": "cell_03_helper_functions",
   "metadata": {},
   "outputs": [],
   "source": [
    "def asset_return(ticker_list):\n",
    "    \"\"\"Download max historical daily returns for each ticker and return a combined DataFrame.\"\"\"\n",
    "    ticker_return = []\n",
    "    for ticker in ticker_list.keys():\n",
    "        t = yf.Ticker(ticker)\n",
    "        ticker_df = t.history(period='max')\n",
    "        ticker_df['Return'] = ticker_df['Close'].pct_change()\n",
    "        ticker_df.index = pd.Index(ticker_df.index.values.astype('M8[D]'))  # yyyy-mm-dd\n",
    "        ticker_return.append(ticker_df['Return'])\n",
    "\n",
    "    ticker_return = pd.concat(ticker_return, axis=1).ffill().dropna(how='any')\n",
    "    ticker_return.columns = list(ticker_list.values())\n",
    "    return ticker_return\n",
    "\n",
    "\n",
    "def asset_return_des_stats(ticker_series):\n",
    "    \"\"\"Compute descriptive statistics for a single asset return Series.\"\"\"\n",
    "    ticker_mean_mad   = (ticker_series - ticker_series.mean()).abs().mean()\n",
    "    ticker_median_mad = robust.mad(ticker_series, c=1)\n",
    "    ticker_skewness   = ticker_series.skew()\n",
    "    ticker_kurtosis   = stats.kurtosis(ticker_series, fisher=False)  # Pearson kurtosis\n",
    "    ticker_describe   = ticker_series.describe()\n",
    "\n",
    "    ticker_misc = pd.DataFrame(\n",
    "        [ticker_mean_mad, ticker_median_mad, ticker_skewness, ticker_kurtosis],\n",
    "        index=['mean_mad', 'median_mad', 'skewness', 'kurtosis'],\n",
    "        columns=[ticker_series.name]\n",
    "    )\n",
    "    ticker_des_stats = pd.concat([ticker_describe.to_frame(), ticker_misc], axis=0)[ticker_series.name]\n",
    "    return ticker_des_stats\n",
    "\n",
    "\n",
    "def asset_return_histogram(ticker_df):\n",
    "    \"\"\"Plot one histogram subplot per asset.\"\"\"\n",
    "    fig, axes = plt.subplots(1, ticker_df.shape[1], figsize=(15, 3))\n",
    "    for ax, col in zip(axes, ticker_df.columns):\n",
    "        sns.histplot(data=ticker_df[col], ax=ax)\n",
    "        ax.set_title('Return histogram of ' + col, fontsize=8)\n",
    "        ax.set(ylabel='', xlabel='')\n",
    "    plt.tight_layout()\n",
    "    return fig\n",
    "\n",
    "\n",
    "def asset_return_plots(ticker_df):\n",
    "    \"\"\"Plot boxplot, stripplot, violinplot, and overlaid boxplot+stripplot.\"\"\"\n",
    "    box_properties = {\n",
    "        'boxprops':     {'facecolor': 'none', 'edgecolor': 'black'},\n",
    "        'medianprops':  {'color': 'black'},\n",
    "        'whiskerprops': {'color': 'black'},\n",
    "        'capprops':     {'color': 'black'}\n",
    "    }\n",
    "\n",
    "    fig, axes = plt.subplots(1, 4, figsize=(18, 4))\n",
    "\n",
    "    # Subplot 1: Boxplot\n",
    "    sns.boxplot(data=ticker_df, **box_properties, ax=axes[0])\n",
    "    axes[0].set_title('Return Boxplot')\n",
    "    axes[0].set(ylim=(-0.1, 0.1))\n",
    "    axes[0].xaxis.set_tick_params(labelsize=7)\n",
    "\n",
    "    # Subplot 2: Stripplot\n",
    "    sns.stripplot(data=ticker_df, ax=axes[1])\n",
    "    axes[1].set_title('Return Stripplot')\n",
    "    axes[1].set(ylim=(-0.1, 0.1))\n",
    "    axes[1].xaxis.set_tick_params(labelsize=7)\n",
    "\n",
    "    # Subplot 3: Violinplot\n",
    "    sns.violinplot(data=ticker_df, ax=axes[2])\n",
    "    axes[2].set_title('Return Violinplot')\n",
    "    axes[2].set(ylim=(-0.1, 0.1))\n",
    "    axes[2].xaxis.set_tick_params(labelsize=7)\n",
    "\n",
    "    # Subplot 4: Overlaid boxplot + stripplot\n",
    "    sns.boxplot(data=ticker_df,  **box_properties, ax=axes[3])\n",
    "    sns.stripplot(data=ticker_df, ax=axes[3])\n",
    "    axes[3].set_title('Return Boxplot + Stripplot')\n",
    "    axes[3].set(ylim=(-0.1, 0.1))\n",
    "    axes[3].xaxis.set_tick_params(labelsize=7)\n",
    "\n",
    "    sns.despine()\n",
    "    plt.tight_layout()\n",
    "    return fig\n",
    "\n",
    "\n",
    "def asset_return_regplots(ticker_df):\n",
    "    \"\"\"Plot full NxN grid of bivariate regplots for all asset pairs.\"\"\"\n",
    "    n = len(ticker_df.columns)\n",
    "    fig, axes = plt.subplots(n, n, figsize=(15, 15))\n",
    "    plt.subplots_adjust(hspace=0.5, wspace=0.5)\n",
    "\n",
    "    for i in range(n):\n",
    "        for j in range(n):\n",
    "            sns.regplot(\n",
    "                data=ticker_df,\n",
    "                x=ticker_df.iloc[:, i],\n",
    "                y=ticker_df.iloc[:, j],\n",
    "                scatter_kws={'color': 'black', 's': 2},\n",
    "                line_kws={'color': 'red', 'lw': 1},\n",
    "                ax=axes[i, j]\n",
    "            )\n",
    "            axes[i, j].set_title(\n",
    "                ticker_df.columns[j] + ' vs. ' + ticker_df.columns[i],\n",
    "                fontsize=7\n",
    "            )\n",
    "            axes[i, j].set(xlim=(-0.25, 0.25), ylim=(-0.25, 0.25))\n",
    "            axes[i, j].xaxis.set_tick_params(labelsize=6)\n",
    "            axes[i, j].yaxis.set_tick_params(labelsize=6)\n",
    "\n",
    "    sns.despine()\n",
    "    return fig"
   ]
  },
  {
   "cell_type": "code",
   "execution_count": 5,
   "id": "cell_04_compute",
   "metadata": {},
   "outputs": [],
   "source": [
    "# List of 5 assets\n",
    "ticker_list = {\n",
    "    'MSFT':   'Microsoft',\n",
    "    'TSLA':    'Tesla',\n",
    "    'AMZN':    'Amazon',\n",
    "    'KO':    'CocaCola',\n",
    "    'UNH': 'United Health'\n",
    "}\n",
    "\n",
    "# DataFrame of daily asset returns\n",
    "asset_return_df = asset_return(ticker_list)\n",
    "\n",
    "# Descriptive statistics (one column per asset)\n",
    "asset_des_stats = asset_return_df.apply(asset_return_des_stats, axis=0)\n",
    "\n",
    "# Covariance and correlation matrices\n",
    "asset_return_df_cov    = asset_return_df.cov()\n",
    "asset_return_df_corr_p = asset_return_df.corr(method='pearson')\n",
    "asset_return_df_corr_s = asset_return_df.corr(method='spearman')"
   ]
  },
  {
   "cell_type": "code",
   "execution_count": 6,
   "id": "cell_05_show_returns",
   "metadata": {},
   "outputs": [
    {
     "data": {
      "text/html": [
       "<div>\n",
       "<style scoped>\n",
       "    .dataframe tbody tr th:only-of-type {\n",
       "        vertical-align: middle;\n",
       "    }\n",
       "\n",
       "    .dataframe tbody tr th {\n",
       "        vertical-align: top;\n",
       "    }\n",
       "\n",
       "    .dataframe thead th {\n",
       "        text-align: right;\n",
       "    }\n",
       "</style>\n",
       "<table border=\"1\" class=\"dataframe\">\n",
       "  <thead>\n",
       "    <tr style=\"text-align: right;\">\n",
       "      <th></th>\n",
       "      <th>Microsoft</th>\n",
       "      <th>Tesla</th>\n",
       "      <th>Amazon</th>\n",
       "      <th>CocaCola</th>\n",
       "      <th>United Health</th>\n",
       "    </tr>\n",
       "  </thead>\n",
       "  <tbody>\n",
       "    <tr>\n",
       "      <th>2010-06-30</th>\n",
       "      <td>-0.012871</td>\n",
       "      <td>-0.002511</td>\n",
       "      <td>0.005985</td>\n",
       "      <td>-0.004173</td>\n",
       "      <td>-0.008034</td>\n",
       "    </tr>\n",
       "    <tr>\n",
       "      <th>2010-07-01</th>\n",
       "      <td>0.006519</td>\n",
       "      <td>-0.078473</td>\n",
       "      <td>0.015559</td>\n",
       "      <td>-0.001795</td>\n",
       "      <td>-0.019366</td>\n",
       "    </tr>\n",
       "    <tr>\n",
       "      <th>2010-07-02</th>\n",
       "      <td>0.004749</td>\n",
       "      <td>-0.125683</td>\n",
       "      <td>-0.016402</td>\n",
       "      <td>0.000399</td>\n",
       "      <td>0.016158</td>\n",
       "    </tr>\n",
       "    <tr>\n",
       "      <th>2010-07-06</th>\n",
       "      <td>0.023636</td>\n",
       "      <td>-0.160937</td>\n",
       "      <td>0.008430</td>\n",
       "      <td>0.007593</td>\n",
       "      <td>0.020848</td>\n",
       "    </tr>\n",
       "    <tr>\n",
       "      <th>2010-07-07</th>\n",
       "      <td>0.020151</td>\n",
       "      <td>-0.019243</td>\n",
       "      <td>0.030620</td>\n",
       "      <td>0.020622</td>\n",
       "      <td>0.010731</td>\n",
       "    </tr>\n",
       "    <tr>\n",
       "      <th>...</th>\n",
       "      <td>...</td>\n",
       "      <td>...</td>\n",
       "      <td>...</td>\n",
       "      <td>...</td>\n",
       "      <td>...</td>\n",
       "    </tr>\n",
       "    <tr>\n",
       "      <th>2026-03-18</th>\n",
       "      <td>-0.019078</td>\n",
       "      <td>-0.016255</td>\n",
       "      <td>-0.024768</td>\n",
       "      <td>-0.020753</td>\n",
       "      <td>-0.011267</td>\n",
       "    </tr>\n",
       "    <tr>\n",
       "      <th>2026-03-19</th>\n",
       "      <td>-0.007070</td>\n",
       "      <td>-0.031774</td>\n",
       "      <td>-0.005289</td>\n",
       "      <td>-0.005528</td>\n",
       "      <td>-0.013681</td>\n",
       "    </tr>\n",
       "    <tr>\n",
       "      <th>2026-03-20</th>\n",
       "      <td>-0.018380</td>\n",
       "      <td>-0.032448</td>\n",
       "      <td>-0.016239</td>\n",
       "      <td>-0.010589</td>\n",
       "      <td>-0.017294</td>\n",
       "    </tr>\n",
       "    <tr>\n",
       "      <th>2026-03-23</th>\n",
       "      <td>0.002959</td>\n",
       "      <td>0.035031</td>\n",
       "      <td>0.023226</td>\n",
       "      <td>0.004816</td>\n",
       "      <td>-0.021953</td>\n",
       "    </tr>\n",
       "    <tr>\n",
       "      <th>2026-03-24</th>\n",
       "      <td>-0.026789</td>\n",
       "      <td>0.005724</td>\n",
       "      <td>-0.013800</td>\n",
       "      <td>-0.005858</td>\n",
       "      <td>0.010165</td>\n",
       "    </tr>\n",
       "  </tbody>\n",
       "</table>\n",
       "<p>3957 rows × 5 columns</p>\n",
       "</div>"
      ],
      "text/plain": [
       "            Microsoft     Tesla    Amazon  CocaCola  United Health\n",
       "2010-06-30  -0.012871 -0.002511  0.005985 -0.004173      -0.008034\n",
       "2010-07-01   0.006519 -0.078473  0.015559 -0.001795      -0.019366\n",
       "2010-07-02   0.004749 -0.125683 -0.016402  0.000399       0.016158\n",
       "2010-07-06   0.023636 -0.160937  0.008430  0.007593       0.020848\n",
       "2010-07-07   0.020151 -0.019243  0.030620  0.020622       0.010731\n",
       "...               ...       ...       ...       ...            ...\n",
       "2026-03-18  -0.019078 -0.016255 -0.024768 -0.020753      -0.011267\n",
       "2026-03-19  -0.007070 -0.031774 -0.005289 -0.005528      -0.013681\n",
       "2026-03-20  -0.018380 -0.032448 -0.016239 -0.010589      -0.017294\n",
       "2026-03-23   0.002959  0.035031  0.023226  0.004816      -0.021953\n",
       "2026-03-24  -0.026789  0.005724 -0.013800 -0.005858       0.010165\n",
       "\n",
       "[3957 rows x 5 columns]"
      ]
     },
     "execution_count": 6,
     "metadata": {},
     "output_type": "execute_result"
    }
   ],
   "source": [
    "# Asset return DataFrame\n",
    "asset_return_df"
   ]
  },
  {
   "cell_type": "code",
   "execution_count": 7,
   "id": "cell_06_show_desstats",
   "metadata": {},
   "outputs": [
    {
     "data": {
      "text/html": [
       "<div>\n",
       "<style scoped>\n",
       "    .dataframe tbody tr th:only-of-type {\n",
       "        vertical-align: middle;\n",
       "    }\n",
       "\n",
       "    .dataframe tbody tr th {\n",
       "        vertical-align: top;\n",
       "    }\n",
       "\n",
       "    .dataframe thead th {\n",
       "        text-align: right;\n",
       "    }\n",
       "</style>\n",
       "<table border=\"1\" class=\"dataframe\">\n",
       "  <thead>\n",
       "    <tr style=\"text-align: right;\">\n",
       "      <th></th>\n",
       "      <th>Microsoft</th>\n",
       "      <th>Tesla</th>\n",
       "      <th>Amazon</th>\n",
       "      <th>CocaCola</th>\n",
       "      <th>United Health</th>\n",
       "    </tr>\n",
       "  </thead>\n",
       "  <tbody>\n",
       "    <tr>\n",
       "      <th>count</th>\n",
       "      <td>3957.000000</td>\n",
       "      <td>3957.000000</td>\n",
       "      <td>3957.000000</td>\n",
       "      <td>3957.000000</td>\n",
       "      <td>3957.000000</td>\n",
       "    </tr>\n",
       "    <tr>\n",
       "      <th>mean</th>\n",
       "      <td>0.000903</td>\n",
       "      <td>0.002039</td>\n",
       "      <td>0.001132</td>\n",
       "      <td>0.000455</td>\n",
       "      <td>0.000788</td>\n",
       "    </tr>\n",
       "    <tr>\n",
       "      <th>std</th>\n",
       "      <td>0.016171</td>\n",
       "      <td>0.036238</td>\n",
       "      <td>0.020606</td>\n",
       "      <td>0.010723</td>\n",
       "      <td>0.017484</td>\n",
       "    </tr>\n",
       "    <tr>\n",
       "      <th>min</th>\n",
       "      <td>-0.147390</td>\n",
       "      <td>-0.210628</td>\n",
       "      <td>-0.140494</td>\n",
       "      <td>-0.096725</td>\n",
       "      <td>-0.223797</td>\n",
       "    </tr>\n",
       "    <tr>\n",
       "      <th>25%</th>\n",
       "      <td>-0.007043</td>\n",
       "      <td>-0.016538</td>\n",
       "      <td>-0.009040</td>\n",
       "      <td>-0.004665</td>\n",
       "      <td>-0.007046</td>\n",
       "    </tr>\n",
       "    <tr>\n",
       "      <th>50%</th>\n",
       "      <td>0.000698</td>\n",
       "      <td>0.001173</td>\n",
       "      <td>0.000974</td>\n",
       "      <td>0.000504</td>\n",
       "      <td>0.000879</td>\n",
       "    </tr>\n",
       "    <tr>\n",
       "      <th>75%</th>\n",
       "      <td>0.009161</td>\n",
       "      <td>0.019566</td>\n",
       "      <td>0.011943</td>\n",
       "      <td>0.005885</td>\n",
       "      <td>0.008950</td>\n",
       "    </tr>\n",
       "    <tr>\n",
       "      <th>max</th>\n",
       "      <td>0.142169</td>\n",
       "      <td>0.243951</td>\n",
       "      <td>0.157457</td>\n",
       "      <td>0.064796</td>\n",
       "      <td>0.127989</td>\n",
       "    </tr>\n",
       "    <tr>\n",
       "      <th>mean_mad</th>\n",
       "      <td>0.011186</td>\n",
       "      <td>0.025237</td>\n",
       "      <td>0.014358</td>\n",
       "      <td>0.007383</td>\n",
       "      <td>0.011436</td>\n",
       "    </tr>\n",
       "    <tr>\n",
       "      <th>median_mad</th>\n",
       "      <td>0.008065</td>\n",
       "      <td>0.018090</td>\n",
       "      <td>0.010372</td>\n",
       "      <td>0.005245</td>\n",
       "      <td>0.008010</td>\n",
       "    </tr>\n",
       "    <tr>\n",
       "      <th>skewness</th>\n",
       "      <td>0.038774</td>\n",
       "      <td>0.376067</td>\n",
       "      <td>0.295837</td>\n",
       "      <td>-0.535569</td>\n",
       "      <td>-1.183010</td>\n",
       "    </tr>\n",
       "    <tr>\n",
       "      <th>kurtosis</th>\n",
       "      <td>10.974664</td>\n",
       "      <td>7.923676</td>\n",
       "      <td>9.400237</td>\n",
       "      <td>11.600692</td>\n",
       "      <td>23.820407</td>\n",
       "    </tr>\n",
       "  </tbody>\n",
       "</table>\n",
       "</div>"
      ],
      "text/plain": [
       "              Microsoft        Tesla       Amazon     CocaCola  United Health\n",
       "count       3957.000000  3957.000000  3957.000000  3957.000000    3957.000000\n",
       "mean           0.000903     0.002039     0.001132     0.000455       0.000788\n",
       "std            0.016171     0.036238     0.020606     0.010723       0.017484\n",
       "min           -0.147390    -0.210628    -0.140494    -0.096725      -0.223797\n",
       "25%           -0.007043    -0.016538    -0.009040    -0.004665      -0.007046\n",
       "50%            0.000698     0.001173     0.000974     0.000504       0.000879\n",
       "75%            0.009161     0.019566     0.011943     0.005885       0.008950\n",
       "max            0.142169     0.243951     0.157457     0.064796       0.127989\n",
       "mean_mad       0.011186     0.025237     0.014358     0.007383       0.011436\n",
       "median_mad     0.008065     0.018090     0.010372     0.005245       0.008010\n",
       "skewness       0.038774     0.376067     0.295837    -0.535569      -1.183010\n",
       "kurtosis      10.974664     7.923676     9.400237    11.600692      23.820407"
      ]
     },
     "execution_count": 7,
     "metadata": {},
     "output_type": "execute_result"
    }
   ],
   "source": [
    "# Descriptive statistics\n",
    "asset_des_stats"
   ]
  },
  {
   "cell_type": "code",
   "execution_count": 8,
   "id": "cell_07_show_cov",
   "metadata": {},
   "outputs": [
    {
     "data": {
      "text/html": [
       "<div>\n",
       "<style scoped>\n",
       "    .dataframe tbody tr th:only-of-type {\n",
       "        vertical-align: middle;\n",
       "    }\n",
       "\n",
       "    .dataframe tbody tr th {\n",
       "        vertical-align: top;\n",
       "    }\n",
       "\n",
       "    .dataframe thead th {\n",
       "        text-align: right;\n",
       "    }\n",
       "</style>\n",
       "<table border=\"1\" class=\"dataframe\">\n",
       "  <thead>\n",
       "    <tr style=\"text-align: right;\">\n",
       "      <th></th>\n",
       "      <th>Microsoft</th>\n",
       "      <th>Tesla</th>\n",
       "      <th>Amazon</th>\n",
       "      <th>CocaCola</th>\n",
       "      <th>United Health</th>\n",
       "    </tr>\n",
       "  </thead>\n",
       "  <tbody>\n",
       "    <tr>\n",
       "      <th>Microsoft</th>\n",
       "      <td>0.000261</td>\n",
       "      <td>0.000207</td>\n",
       "      <td>0.000189</td>\n",
       "      <td>0.000061</td>\n",
       "      <td>0.000098</td>\n",
       "    </tr>\n",
       "    <tr>\n",
       "      <th>Tesla</th>\n",
       "      <td>0.000207</td>\n",
       "      <td>0.001313</td>\n",
       "      <td>0.000271</td>\n",
       "      <td>0.000056</td>\n",
       "      <td>0.000107</td>\n",
       "    </tr>\n",
       "    <tr>\n",
       "      <th>Amazon</th>\n",
       "      <td>0.000189</td>\n",
       "      <td>0.000271</td>\n",
       "      <td>0.000425</td>\n",
       "      <td>0.000045</td>\n",
       "      <td>0.000086</td>\n",
       "    </tr>\n",
       "    <tr>\n",
       "      <th>CocaCola</th>\n",
       "      <td>0.000061</td>\n",
       "      <td>0.000056</td>\n",
       "      <td>0.000045</td>\n",
       "      <td>0.000115</td>\n",
       "      <td>0.000063</td>\n",
       "    </tr>\n",
       "    <tr>\n",
       "      <th>United Health</th>\n",
       "      <td>0.000098</td>\n",
       "      <td>0.000107</td>\n",
       "      <td>0.000086</td>\n",
       "      <td>0.000063</td>\n",
       "      <td>0.000306</td>\n",
       "    </tr>\n",
       "  </tbody>\n",
       "</table>\n",
       "</div>"
      ],
      "text/plain": [
       "               Microsoft     Tesla    Amazon  CocaCola  United Health\n",
       "Microsoft       0.000261  0.000207  0.000189  0.000061       0.000098\n",
       "Tesla           0.000207  0.001313  0.000271  0.000056       0.000107\n",
       "Amazon          0.000189  0.000271  0.000425  0.000045       0.000086\n",
       "CocaCola        0.000061  0.000056  0.000045  0.000115       0.000063\n",
       "United Health   0.000098  0.000107  0.000086  0.000063       0.000306"
      ]
     },
     "execution_count": 8,
     "metadata": {},
     "output_type": "execute_result"
    }
   ],
   "source": [
    "# Covariance matrix\n",
    "asset_return_df_cov"
   ]
  },
  {
   "cell_type": "code",
   "execution_count": 9,
   "id": "cell_08_show_corr_p",
   "metadata": {},
   "outputs": [
    {
     "data": {
      "text/html": [
       "<div>\n",
       "<style scoped>\n",
       "    .dataframe tbody tr th:only-of-type {\n",
       "        vertical-align: middle;\n",
       "    }\n",
       "\n",
       "    .dataframe tbody tr th {\n",
       "        vertical-align: top;\n",
       "    }\n",
       "\n",
       "    .dataframe thead th {\n",
       "        text-align: right;\n",
       "    }\n",
       "</style>\n",
       "<table border=\"1\" class=\"dataframe\">\n",
       "  <thead>\n",
       "    <tr style=\"text-align: right;\">\n",
       "      <th></th>\n",
       "      <th>Microsoft</th>\n",
       "      <th>Tesla</th>\n",
       "      <th>Amazon</th>\n",
       "      <th>CocaCola</th>\n",
       "      <th>United Health</th>\n",
       "    </tr>\n",
       "  </thead>\n",
       "  <tbody>\n",
       "    <tr>\n",
       "      <th>Microsoft</th>\n",
       "      <td>1.000000</td>\n",
       "      <td>0.354054</td>\n",
       "      <td>0.566503</td>\n",
       "      <td>0.351680</td>\n",
       "      <td>0.346574</td>\n",
       "    </tr>\n",
       "    <tr>\n",
       "      <th>Tesla</th>\n",
       "      <td>0.354054</td>\n",
       "      <td>1.000000</td>\n",
       "      <td>0.362614</td>\n",
       "      <td>0.144876</td>\n",
       "      <td>0.168658</td>\n",
       "    </tr>\n",
       "    <tr>\n",
       "      <th>Amazon</th>\n",
       "      <td>0.566503</td>\n",
       "      <td>0.362614</td>\n",
       "      <td>1.000000</td>\n",
       "      <td>0.205318</td>\n",
       "      <td>0.239301</td>\n",
       "    </tr>\n",
       "    <tr>\n",
       "      <th>CocaCola</th>\n",
       "      <td>0.351680</td>\n",
       "      <td>0.144876</td>\n",
       "      <td>0.205318</td>\n",
       "      <td>1.000000</td>\n",
       "      <td>0.338599</td>\n",
       "    </tr>\n",
       "    <tr>\n",
       "      <th>United Health</th>\n",
       "      <td>0.346574</td>\n",
       "      <td>0.168658</td>\n",
       "      <td>0.239301</td>\n",
       "      <td>0.338599</td>\n",
       "      <td>1.000000</td>\n",
       "    </tr>\n",
       "  </tbody>\n",
       "</table>\n",
       "</div>"
      ],
      "text/plain": [
       "               Microsoft     Tesla    Amazon  CocaCola  United Health\n",
       "Microsoft       1.000000  0.354054  0.566503  0.351680       0.346574\n",
       "Tesla           0.354054  1.000000  0.362614  0.144876       0.168658\n",
       "Amazon          0.566503  0.362614  1.000000  0.205318       0.239301\n",
       "CocaCola        0.351680  0.144876  0.205318  1.000000       0.338599\n",
       "United Health   0.346574  0.168658  0.239301  0.338599       1.000000"
      ]
     },
     "execution_count": 9,
     "metadata": {},
     "output_type": "execute_result"
    }
   ],
   "source": [
    "# Pearson correlation matrix\n",
    "asset_return_df_corr_p"
   ]
  },
  {
   "cell_type": "code",
   "execution_count": 10,
   "id": "cell_09_show_corr_s",
   "metadata": {},
   "outputs": [
    {
     "data": {
      "text/html": [
       "<div>\n",
       "<style scoped>\n",
       "    .dataframe tbody tr th:only-of-type {\n",
       "        vertical-align: middle;\n",
       "    }\n",
       "\n",
       "    .dataframe tbody tr th {\n",
       "        vertical-align: top;\n",
       "    }\n",
       "\n",
       "    .dataframe thead th {\n",
       "        text-align: right;\n",
       "    }\n",
       "</style>\n",
       "<table border=\"1\" class=\"dataframe\">\n",
       "  <thead>\n",
       "    <tr style=\"text-align: right;\">\n",
       "      <th></th>\n",
       "      <th>Microsoft</th>\n",
       "      <th>Tesla</th>\n",
       "      <th>Amazon</th>\n",
       "      <th>CocaCola</th>\n",
       "      <th>United Health</th>\n",
       "    </tr>\n",
       "  </thead>\n",
       "  <tbody>\n",
       "    <tr>\n",
       "      <th>Microsoft</th>\n",
       "      <td>1.000000</td>\n",
       "      <td>0.354877</td>\n",
       "      <td>0.571271</td>\n",
       "      <td>0.297834</td>\n",
       "      <td>0.308438</td>\n",
       "    </tr>\n",
       "    <tr>\n",
       "      <th>Tesla</th>\n",
       "      <td>0.354877</td>\n",
       "      <td>1.000000</td>\n",
       "      <td>0.388599</td>\n",
       "      <td>0.130471</td>\n",
       "      <td>0.160594</td>\n",
       "    </tr>\n",
       "    <tr>\n",
       "      <th>Amazon</th>\n",
       "      <td>0.571271</td>\n",
       "      <td>0.388599</td>\n",
       "      <td>1.000000</td>\n",
       "      <td>0.201965</td>\n",
       "      <td>0.256212</td>\n",
       "    </tr>\n",
       "    <tr>\n",
       "      <th>CocaCola</th>\n",
       "      <td>0.297834</td>\n",
       "      <td>0.130471</td>\n",
       "      <td>0.201965</td>\n",
       "      <td>1.000000</td>\n",
       "      <td>0.321101</td>\n",
       "    </tr>\n",
       "    <tr>\n",
       "      <th>United Health</th>\n",
       "      <td>0.308438</td>\n",
       "      <td>0.160594</td>\n",
       "      <td>0.256212</td>\n",
       "      <td>0.321101</td>\n",
       "      <td>1.000000</td>\n",
       "    </tr>\n",
       "  </tbody>\n",
       "</table>\n",
       "</div>"
      ],
      "text/plain": [
       "               Microsoft     Tesla    Amazon  CocaCola  United Health\n",
       "Microsoft       1.000000  0.354877  0.571271  0.297834       0.308438\n",
       "Tesla           0.354877  1.000000  0.388599  0.130471       0.160594\n",
       "Amazon          0.571271  0.388599  1.000000  0.201965       0.256212\n",
       "CocaCola        0.297834  0.130471  0.201965  1.000000       0.321101\n",
       "United Health   0.308438  0.160594  0.256212  0.321101       1.000000"
      ]
     },
     "execution_count": 10,
     "metadata": {},
     "output_type": "execute_result"
    }
   ],
   "source": [
    "# Spearman correlation matrix\n",
    "asset_return_df_corr_s"
   ]
  },
  {
   "cell_type": "markdown",
   "id": "cell_10_explanation",
   "metadata": {},
   "source": [
    "**Why do the Pearson and Spearman correlation matrices differ?**\n",
    "\n",
    "Pearson correlation measures the **linear** relationship between two variables and is sensitive to extreme outliers, which are common in financial return data. Spearman correlation, on the other hand, measures the **monotonic** relationship using rank order, making it more robust to outliers and non-normality — so when asset returns contain heavy tails or non-linear dependencies (as is typical in financial data), the two methods will produce different values."
   ]
  },
  {
   "cell_type": "code",
   "execution_count": 11,
   "id": "cell_11_histograms",
   "metadata": {},
   "outputs": [
    {
     "data": {
